1100000000000000000000001100000000000000110000000000110000000000
1100000000000000000000001100000000000000001100000000001100000000
1100000000000000000000001100000000000000000011000011000000000000
1100000000000000000000001100000000000000000000111100000000000000
1100000000000000000000000011000000000000110000000000001100000000
1100000000000000000000000011000000000000001100000000110000000000
1100000000000000000000000011000000000000000011001100000000000000
1100000000000000000000000011000000000000000000110011000000000000
1100000000000000000000000000110000000000110000000011000000000000
1100000000000000000000000000110000000000001100001100000000000000
1100000000000000000000000000110000000000000011000000001100000000
1100000000000000000000000000110000000000000000110000110000000000
1100000000000000000000000000001100000000110000001100000000000000
1100000000000000000000000000001100000000001100000011000000000000
1100000000000000000000000000001100000000000011000000110000000000
1100000000000000000000000000001100000000000000110000001100000000
1010000000000000000000001010000000000000101000000000101000000000
1010000000000000000000001010000000000000010100000000010100000000
1010000000000000000000001010000000000000000010100101000000000000
1010000000000000000000001010000000000000000001011010000000000000
1010000000000000000000000101000000000000101000000000010100000000
1010000000000000000000000101000000000000010100000000101000000000
1010000000000000000000000101000000000000000010101010000000000000
1010000000000000000000000101000000000000000001010101000000000000
1010000000000000000000000000101000000000101000000101000000000000
1010000000000000000000000000101000000000010100001010000000000000
1010000000000000000000000000101000000000000010100000010100000000
1010000000000000000000000000101000000000000001010000101000000000
1010000000000000000000000000010100000000101000001010000000000000
1010000000000000000000000000010100000000010100000101000000000000
1010000000000000000000000000010100000000000010100000101000000000
1010000000000000000000000000010100000000000001010000010100000000
1001000000000000000000001001000000000000100100000000100100000000
1001000000000000000000001001000000000000011000000000011000000000
1001000000000000000000001001000000000000000010010110000000000000
1001000000000000000000001001000000000000000001101001000000000000
1001000000000000000000000110000000000000100100000000011000000000
1001000000000000000000000110000000000000011000000000100100000000
1001000000000000000000000110000000000000000010011001000000000000
1001000000000000000000000110000000000000000001100110000000000000
1001000000000000000000000000100100000000100100000110000000000000
1001000000000000000000000000100100000000011000001001000000000000
1001000000000000000000000000100100000000000010010000011000000000
1001000000000000000000000000100100000000000001100000100100000000
1001000000000000000000000000011000000000100100001001000000000000
1001000000000000000000000000011000000000011000000110000000000000
1001000000000000000000000000011000000000000010010000100100000000
1001000000000000000000000000011000000000000001100000011000000000
1000100000000000000000001000100000000000100010000001000100000000
1000100000000000000000001000100000000000010001001000100000000000
1000100000000000000000001000100000000000001000100100010000000000
1000100000000000000000001000100000000000000100010010001000000000
1000100000000000000000000100010000000000100010001000100000000000
1000100000000000000000000100010000000000010001000100010000000000
1000100000000000000000000100010000000000001000100010001000000000
1000100000000000000000000100010000000000000100010001000100000000
1000100000000000000000000010001000000000100010000100010000000000
1000100000000000000000000010001000000000010001000010001000000000
1000100000000000000000000010001000000000001000100001000100000000
1000100000000000000000000010001000000000000100011000100000000000
1000100000000000000000000001000100000000100010000010001000000000
1000100000000000000000000001000100000000010001000001000100000000
1000100000000000000000000001000100000000001000101000100000000000
1000100000000000000000000001000100000000000100010100010000000000
1000010000000000000000001000010000000000100001000001100000000000
1000010000000000000000001000010000000000010000101000010000000000
1000010000000000000000001000010000000000001000010100001000000000
1000010000000000000000001000010000000000000110000010000100000000
1000010000000000000000000100001000000000100001001000010000000000
1000010000000000000000000100001000000000010000100100001000000000
1000010000000000000000000100001000000000001000010010000100000000
1000010000000000000000000100001000000000000110000001100000000000
1000010000000000000000000010000100000000100001000100001000000000
1000010000000000000000000010000100000000010000100010000100000000
1000010000000000000000000010000100000000001000010001100000000000
1000010000000000000000000010000100000000000110001000010000000000
1000010000000000000000000001100000000000100001000010000100000000
1000010000000000000000000001100000000000010000100001100000000000
1000010000000000000000000001100000000000001000011000010000000000
1000010000000000000000000001100000000000000110000100001000000000
1000001000000000000000001000001000000000100000100001010000000000
1000001000000000000000001000001000000000010000011000001000000000
1000001000000000000000001000001000000000001010000100000100000000
1000001000000000000000001000001000000000000101000010100000000000
1000001000000000000000000100000100000000100000101000001000000000
1000001000000000000000000100000100000000010000010100000100000000
1000001000000000000000000100000100000000001010000010100000000000
1000001000000000000000000100000100000000000101000001010000000000
1000001000000000000000000010100000000000100000100100000100000000
1000001000000000000000000010100000000000010000010010100000000000
1000001000000000000000000010100000000000001010000001010000000000
1000001000000000000000000010100000000000000101001000001000000000
1000001000000000000000000001010000000000100000100010100000000000
1000001000000000000000000001010000000000010000010001010000000000
1000001000000000000000000001010000000000001010001000001000000000
1000001000000000000000000001010000000000000101000100000100000000
1000000100000000000000001000000100000000100000010001001000000000
1000000100000000000000001000000100000000010010001000000100000000
1000000100000000000000001000000100000000001001000100100000000000
1000000100000000000000001000000100000000000100100010010000000000
1000000100000000000000000100100000000000100000011000000100000000
1000000100000000000000000100100000000000010010000100100000000000
1000000100000000000000000100100000000000001001000010010000000000
1000000100000000000000000100100000000000000100100001001000000000
1000000100000000000000000010010000000000100000010100100000000000
1000000100000000000000000010010000000000010010000010010000000000
1000000100000000000000000010010000000000001001000001001000000000
1000000100000000000000000010010000000000000100101000000100000000
1000000100000000000000000001001000000000100000010010010000000000
1000000100000000000000000001001000000000010010000001001000000000
1000000100000000000000000001001000000000001001001000000100000000
1000000100000000000000000001001000000000000100100100100000000000
0110000000000000000000001001000000000000100100000000011000000000
0110000000000000000000001001000000000000011000000000100100000000
0110000000000000000000001001000000000000000010011001000000000000
0110000000000000000000001001000000000000000001100110000000000000
0110000000000000000000000110000000000000100100000000100100000000
0110000000000000000000000110000000000000011000000000011000000000
0110000000000000000000000110000000000000000010010110000000000000
0110000000000000000000000110000000000000000001101001000000000000
0110000000000000000000000000100100000000100100001001000000000000
0110000000000000000000000000100100000000011000000110000000000000
0110000000000000000000000000100100000000000010010000100100000000
0110000000000000000000000000100100000000000001100000011000000000
0110000000000000000000000000011000000000100100000110000000000000
0110000000000000000000000000011000000000011000001001000000000000
0110000000000000000000000000011000000000000010010000011000000000
0110000000000000000000000000011000000000000001100000100100000000
0101000000000000000000001010000000000000101000000000010100000000
0101000000000000000000001010000000000000010100000000101000000000
0101000000000000000000001010000000000000000010101010000000000000
0101000000000000000000001010000000000000000001010101000000000000
0101000000000000000000000101000000000000101000000000101000000000
0101000000000000000000000101000000000000010100000000010100000000
0101000000000000000000000101000000000000000010100101000000000000
0101000000000000000000000101000000000000000001011010000000000000
0101000000000000000000000000101000000000101000001010000000000000
0101000000000000000000000000101000000000010100000101000000000000
0101000000000000000000000000101000000000000010100000101000000000
0101000000000000000000000000101000000000000001010000010100000000
0101000000000000000000000000010100000000101000000101000000000000
0101000000000000000000000000010100000000010100001010000000000000
0101000000000000000000000000010100000000000010100000010100000000
0101000000000000000000000000010100000000000001010000101000000000
0100100000000000000000001000000100000000100000010010010000000000
0100100000000000000000001000000100000000010010000001001000000000
0100100000000000000000001000000100000000001001001000000100000000
0100100000000000000000001000000100000000000100100100100000000000
0100100000000000000000000100100000000000100000010001001000000000
0100100000000000000000000100100000000000010010001000000100000000
0100100000000000000000000100100000000000001001000100100000000000
0100100000000000000000000100100000000000000100100010010000000000
0100100000000000000000000010010000000000100000011000000100000000
0100100000000000000000000010010000000000010010000100100000000000
0100100000000000000000000010010000000000001001000010010000000000
0100100000000000000000000010010000000000000100100001001000000000
0100100000000000000000000001001000000000100000010100100000000000
0100100000000000000000000001001000000000010010000010010000000000
0100100000000000000000000001001000000000001001000001001000000000
0100100000000000000000000001001000000000000100101000000100000000
0100010000000000000000001000100000000000100010000010001000000000
0100010000000000000000001000100000000000010001000001000100000000
0100010000000000000000001000100000000000001000101000100000000000
0100010000000000000000001000100000000000000100010100010000000000
0100010000000000000000000100010000000000100010000001000100000000
0100010000000000000000000100010000000000010001001000100000000000
0100010000000000000000000100010000000000001000100100010000000000
0100010000000000000000000100010000000000000100010010001000000000
0100010000000000000000000010001000000000100010001000100000000000
0100010000000000000000000010001000000000010001000100010000000000
0100010000000000000000000010001000000000001000100010001000000000
0100010000000000000000000010001000000000000100010001000100000000
0100010000000000000000000001000100000000100010000100010000000000
0100010000000000000000000001000100000000010001000010001000000000
0100010000000000000000000001000100000000001000100001000100000000
0100010000000000000000000001000100000000000100011000100000000000
0100001000000000000000001000010000000000100001000010000100000000
0100001000000000000000001000010000000000010000100001100000000000
0100001000000000000000001000010000000000001000011000010000000000
0100001000000000000000001000010000000000000110000100001000000000
0100001000000000000000000100001000000000100001000001100000000000
0100001000000000000000000100001000000000010000101000010000000000
0100001000000000000000000100001000000000001000010100001000000000
0100001000000000000000000100001000000000000110000010000100000000
0100001000000000000000000010000100000000100001001000010000000000
0100001000000000000000000010000100000000010000100100001000000000
0100001000000000000000000010000100000000001000010010000100000000
0100001000000000000000000010000100000000000110000001100000000000
0100001000000000000000000001100000000000100001000100001000000000
0100001000000000000000000001100000000000010000100010000100000000
0100001000000000000000000001100000000000001000010001100000000000
0100001000000000000000000001100000000000000110001000010000000000
0100000100000000000000001000001000000000100000100010100000000000
0100000100000000000000001000001000000000010000010001010000000000
0100000100000000000000001000001000000000001010001000001000000000
0100000100000000000000001000001000000000000101000100000100000000
0100000100000000000000000100000100000000100000100001010000000000
0100000100000000000000000100000100000000010000011000001000000000
0100000100000000000000000100000100000000001010000100000100000000
0100000100000000000000000100000100000000000101000010100000000000
0100000100000000000000000010100000000000100000101000001000000000
0100000100000000000000000010100000000000010000010100000100000000
0100000100000000000000000010100000000000001010000010100000000000
0100000100000000000000000010100000000000000101000001010000000000
0100000100000000000000000001010000000000100000100100000100000000
0100000100000000000000000001010000000000010000010010100000000000
0100000100000000000000000001010000000000001010000001010000000000
0100000100000000000000000001010000000000000101001000001000000000
0011000000000000000000001100000000000000110000000000001100000000
0011000000000000000000001100000000000000001100000000110000000000
0011000000000000000000001100000000000000000011001100000000000000
0011000000000000000000001100000000000000000000110011000000000000
0011000000000000000000000011000000000000110000000000110000000000
0011000000000000000000000011000000000000001100000000001100000000
0011000000000000000000000011000000000000000011000011000000000000
0011000000000000000000000011000000000000000000111100000000000000
0011000000000000000000000000110000000000110000001100000000000000
0011000000000000000000000000110000000000001100000011000000000000
0011000000000000000000000000110000000000000011000000110000000000
0011000000000000000000000000110000000000000000110000001100000000
0011000000000000000000000000001100000000110000000011000000000000
0011000000000000000000000000001100000000001100001100000000000000
0011000000000000000000000000001100000000000011000000001100000000
0011000000000000000000000000001100000000000000110000110000000000
0010100000000000000000001000001000000000100000100100000100000000
0010100000000000000000001000001000000000010000010010100000000000
0010100000000000000000001000001000000000001010000001010000000000
0010100000000000000000001000001000000000000101001000001000000000
0010100000000000000000000100000100000000100000100010100000000000
0010100000000000000000000100000100000000010000010001010000000000
0010100000000000000000000100000100000000001010001000001000000000
0010100000000000000000000100000100000000000101000100000100000000
0010100000000000000000000010100000000000100000100001010000000000
0010100000000000000000000010100000000000010000011000001000000000
0010100000000000000000000010100000000000001010000100000100000000
0010100000000000000000000010100000000000000101000010100000000000
0010100000000000000000000001010000000000100000101000001000000000
0010100000000000000000000001010000000000010000010100000100000000
0010100000000000000000000001010000000000001010000010100000000000
0010100000000000000000000001010000000000000101000001010000000000
0010010000000000000000001000000100000000100000010100100000000000
0010010000000000000000001000000100000000010010000010010000000000
0010010000000000000000001000000100000000001001000001001000000000
0010010000000000000000001000000100000000000100101000000100000000
0010010000000000000000000100100000000000100000010010010000000000
0010010000000000000000000100100000000000010010000001001000000000
0010010000000000000000000100100000000000001001001000000100000000
0010010000000000000000000100100000000000000100100100100000000000
0010010000000000000000000010010000000000100000010001001000000000
0010010000000000000000000010010000000000010010001000000100000000
0010010000000000000000000010010000000000001001000100100000000000
0010010000000000000000000010010000000000000100100010010000000000
0010010000000000000000000001001000000000100000011000000100000000
0010010000000000000000000001001000000000010010000100100000000000
0010010000000000000000000001001000000000001001000010010000000000
0010010000000000000000000001001000000000000100100001001000000000
0010001000000000000000001000100000000000100010000100010000000000
0010001000000000000000001000100000000000010001000010001000000000
0010001000000000000000001000100000000000001000100001000100000000
0010001000000000000000001000100000000000000100011000100000000000
0010001000000000000000000100010000000000100010000010001000000000
0010001000000000000000000100010000000000010001000001000100000000
0010001000000000000000000100010000000000001000101000100000000000
0010001000000000000000000100010000000000000100010100010000000000
0010001000000000000000000010001000000000100010000001000100000000
0010001000000000000000000010001000000000010001001000100000000000
0010001000000000000000000010001000000000001000100100010000000000
0010001000000000000000000010001000000000000100010010001000000000
0010001000000000000000000001000100000000100010001000100000000000
0010001000000000000000000001000100000000010001000100010000000000
0010001000000000000000000001000100000000001000100010001000000000
0010001000000000000000000001000100000000000100010001000100000000
0010000100000000000000001000010000000000100001000100001000000000
0010000100000000000000001000010000000000010000100010000100000000
0010000100000000000000001000010000000000001000010001100000000000
0010000100000000000000001000010000000000000110001000010000000000
0010000100000000000000000100001000000000100001000010000100000000
0010000100000000000000000100001000000000010000100001100000000000
0010000100000000000000000100001000000000001000011000010000000000
0010000100000000000000000100001000000000000110000100001000000000
0010000100000000000000000010000100000000100001000001100000000000
0010000100000000000000000010000100000000010000101000010000000000
0010000100000000000000000010000100000000001000010100001000000000
0010000100000000000000000010000100000000000110000010000100000000
0010000100000000000000000001100000000000100001001000010000000000
0010000100000000000000000001100000000000010000100100001000000000
0010000100000000000000000001100000000000001000010010000100000000
0010000100000000000000000001100000000000000110000001100000000000
0001100000000000000000001000010000000000100001001000010000000000
0001100000000000000000001000010000000000010000100100001000000000
0001100000000000000000001000010000000000001000010010000100000000
0001100000000000000000001000010000000000000110000001100000000000
0001100000000000000000000100001000000000100001000100001000000000
0001100000000000000000000100001000000000010000100010000100000000
0001100000000000000000000100001000000000001000010001100000000000
0001100000000000000000000100001000000000000110001000010000000000
0001100000000000000000000010000100000000100001000010000100000000
0001100000000000000000000010000100000000010000100001100000000000
0001100000000000000000000010000100000000001000011000010000000000
0001100000000000000000000010000100000000000110000100001000000000
0001100000000000000000000001100000000000100001000001100000000000
0001100000000000000000000001100000000000010000101000010000000000
0001100000000000000000000001100000000000001000010100001000000000
0001100000000000000000000001100000000000000110000010000100000000
0001010000000000000000001000001000000000100000101000001000000000
0001010000000000000000001000001000000000010000010100000100000000
0001010000000000000000001000001000000000001010000010100000000000
0001010000000000000000001000001000000000000101000001010000000000
0001010000000000000000000100000100000000100000100100000100000000
0001010000000000000000000100000100000000010000010010100000000000
0001010000000000000000000100000100000000001010000001010000000000
0001010000000000000000000100000100000000000101001000001000000000
0001010000000000000000000010100000000000100000100010100000000000
0001010000000000000000000010100000000000010000010001010000000000
0001010000000000000000000010100000000000001010001000001000000000
0001010000000000000000000010100000000000000101000100000100000000
0001010000000000000000000001010000000000100000100001010000000000
0001010000000000000000000001010000000000010000011000001000000000
0001010000000000000000000001010000000000001010000100000100000000
0001010000000000000000000001010000000000000101000010100000000000
0001001000000000000000001000000100000000100000011000000100000000
0001001000000000000000001000000100000000010010000100100000000000
0001001000000000000000001000000100000000001001000010010000000000
0001001000000000000000001000000100000000000100100001001000000000
0001001000000000000000000100100000000000100000010100100000000000
0001001000000000000000000100100000000000010010000010010000000000
0001001000000000000000000100100000000000001001000001001000000000
0001001000000000000000000100100000000000000100101000000100000000
0001001000000000000000000010010000000000100000010010010000000000
0001001000000000000000000010010000000000010010000001001000000000
0001001000000000000000000010010000000000001001001000000100000000
0001001000000000000000000010010000000000000100100100100000000000
0001001000000000000000000001001000000000100000010001001000000000
0001001000000000000000000001001000000000010010001000000100000000
0001001000000000000000000001001000000000001001000100100000000000
0001001000000000000000000001001000000000000100100010010000000000
0001000100000000000000001000100000000000100010001000100000000000
0001000100000000000000001000100000000000010001000100010000000000
0001000100000000000000001000100000000000001000100010001000000000
0001000100000000000000001000100000000000000100010001000100000000
0001000100000000000000000100010000000000100010000100010000000000
0001000100000000000000000100010000000000010001000010001000000000
0001000100000000000000000100010000000000001000100001000100000000
0001000100000000000000000100010000000000000100011000100000000000
0001000100000000000000000010001000000000100010000010001000000000
0001000100000000000000000010001000000000010001000001000100000000
0001000100000000000000000010001000000000001000101000100000000000
0001000100000000000000000010001000000000000100010100010000000000
0001000100000000000000000001000100000000100010000001000100000000
0001000100000000000000000001000100000000010001001000100000000000
0001000100000000000000000001000100000000001000100100010000000000
0001000100000000000000000001000100000000000100010010001000000000
0000110000000000000000001100000000000000110000001100000000000000
0000110000000000000000001100000000000000001100000011000000000000
0000110000000000000000001100000000000000000011000000110000000000
0000110000000000000000001100000000000000000000110000001100000000
0000110000000000000000000011000000000000110000000011000000000000
0000110000000000000000000011000000000000001100001100000000000000
0000110000000000000000000011000000000000000011000000001100000000
0000110000000000000000000011000000000000000000110000110000000000
0000110000000000000000000000110000000000110000000000110000000000
0000110000000000000000000000110000000000001100000000001100000000
0000110000000000000000000000110000000000000011000011000000000000
0000110000000000000000000000110000000000000000111100000000000000
0000110000000000000000000000001100000000110000000000001100000000
0000110000000000000000000000001100000000001100000000110000000000
0000110000000000000000000000001100000000000011001100000000000000
0000110000000000000000000000001100000000000000110011000000000000
0000101000000000000000001010000000000000101000001010000000000000
0000101000000000000000001010000000000000010100000101000000000000
0000101000000000000000001010000000000000000010100000101000000000
0000101000000000000000001010000000000000000001010000010100000000
0000101000000000000000000101000000000000101000000101000000000000
0000101000000000000000000101000000000000010100001010000000000000
0000101000000000000000000101000000000000000010100000010100000000
0000101000000000000000000101000000000000000001010000101000000000
0000101000000000000000000000101000000000101000000000101000000000
0000101000000000000000000000101000000000010100000000010100000000
0000101000000000000000000000101000000000000010100101000000000000
0000101000000000000000000000101000000000000001011010000000000000
0000101000000000000000000000010100000000101000000000010100000000
0000101000000000000000000000010100000000010100000000101000000000
0000101000000000000000000000010100000000000010101010000000000000
0000101000000000000000000000010100000000000001010101000000000000
0000100100000000000000001001000000000000100100001001000000000000
0000100100000000000000001001000000000000011000000110000000000000
0000100100000000000000001001000000000000000010010000100100000000
0000100100000000000000001001000000000000000001100000011000000000
0000100100000000000000000110000000000000100100000110000000000000
0000100100000000000000000110000000000000011000001001000000000000
0000100100000000000000000110000000000000000010010000011000000000
0000100100000000000000000110000000000000000001100000100100000000
0000100100000000000000000000100100000000100100000000100100000000
0000100100000000000000000000100100000000011000000000011000000000
0000100100000000000000000000100100000000000010010110000000000000
0000100100000000000000000000100100000000000001101001000000000000
0000100100000000000000000000011000000000100100000000011000000000
0000100100000000000000000000011000000000011000000000100100000000
0000100100000000000000000000011000000000000010011001000000000000
0000100100000000000000000000011000000000000001100110000000000000
0000011000000000000000001001000000000000100100000110000000000000
0000011000000000000000001001000000000000011000001001000000000000
0000011000000000000000001001000000000000000010010000011000000000
0000011000000000000000001001000000000000000001100000100100000000
0000011000000000000000000110000000000000100100001001000000000000
0000011000000000000000000110000000000000011000000110000000000000
0000011000000000000000000110000000000000000010010000100100000000
0000011000000000000000000110000000000000000001100000011000000000
0000011000000000000000000000100100000000100100000000011000000000
0000011000000000000000000000100100000000011000000000100100000000
0000011000000000000000000000100100000000000010011001000000000000
0000011000000000000000000000100100000000000001100110000000000000
0000011000000000000000000000011000000000100100000000100100000000
0000011000000000000000000000011000000000011000000000011000000000
0000011000000000000000000000011000000000000010010110000000000000
0000011000000000000000000000011000000000000001101001000000000000
0000010100000000000000001010000000000000101000000101000000000000
0000010100000000000000001010000000000000010100001010000000000000
0000010100000000000000001010000000000000000010100000010100000000
0000010100000000000000001010000000000000000001010000101000000000
0000010100000000000000000101000000000000101000001010000000000000
0000010100000000000000000101000000000000010100000101000000000000
0000010100000000000000000101000000000000000010100000101000000000
0000010100000000000000000101000000000000000001010000010100000000
0000010100000000000000000000101000000000101000000000010100000000
0000010100000000000000000000101000000000010100000000101000000000
0000010100000000000000000000101000000000000010101010000000000000
0000010100000000000000000000101000000000000001010101000000000000
0000010100000000000000000000010100000000101000000000101000000000
0000010100000000000000000000010100000000010100000000010100000000
0000010100000000000000000000010100000000000010100101000000000000
0000010100000000000000000000010100000000000001011010000000000000
0000001100000000000000001100000000000000110000000011000000000000
0000001100000000000000001100000000000000001100001100000000000000
0000001100000000000000001100000000000000000011000000001100000000
0000001100000000000000001100000000000000000000110000110000000000
0000001100000000000000000011000000000000110000001100000000000000
0000001100000000000000000011000000000000001100000011000000000000
0000001100000000000000000011000000000000000011000000110000000000
0000001100000000000000000011000000000000000000110000001100000000
0000001100000000000000000000110000000000110000000000001100000000
0000001100000000000000000000110000000000001100000000110000000000
0000001100000000000000000000110000000000000011001100000000000000
0000001100000000000000000000110000000000000000110011000000000000
0000001100000000000000000000001100000000110000000000110000000000
0000001100000000000000000000001100000000001100000000001100000000
0000001100000000000000000000001100000000000011000011000000000000
0000001100000000000000000000001100000000000000111100000000000000
0000000000000011000000110000000000000011000000000000000000110000
0000000000110000001100000000000000110000000000000000000000001100
0000000000001100000011000000000000001100000000000000000011000000
0000000011000000110000000000000011000000000000000000000000000011
0000000000000011000000110000000000110000000000000000000000001100
0000000000110000001100000000000000001100000000000000000011000000
0000000000001100000011000000000011000000000000000000000000000011
0000000011000000110000000000000000000011000000000000000000110000
0000000000000011000000110000000000001100000000000000000011000000
0000000000110000001100000000000011000000000000000000000000000011
0000000000001100000011000000000000000011000000000000000000110000
0000000011000000110000000000000000110000000000000000000000001100
0000000000000011000000110000000011000000000000000000000000000011
0000000000110000001100000000000000000011000000000000000000110000
0000000000001100000011000000000000110000000000000000000000001100
0000000011000000110000000000000000001100000000000000000011000000
0000000000000011001100000000000000000011000000000000000000001100
0000000000110000000011000000000000110000000000000000000011000000
0000000000001100110000000000000000001100000000000000000000000011
0000000011000000000000110000000011000000000000000000000000110000
0000000000000011001100000000000000110000000000000000000011000000
0000000000110000000011000000000000001100000000000000000000000011
0000000000001100110000000000000011000000000000000000000000110000
0000000011000000000000110000000000000011000000000000000000001100
0000000000000011001100000000000000001100000000000000000000000011
0000000000110000000011000000000011000000000000000000000000110000
0000000000001100110000000000000000000011000000000000000000001100
0000000011000000000000110000000000110000000000000000000011000000
0000000000000011001100000000000011000000000000000000000000110000
0000000000110000000011000000000000000011000000000000000000001100
0000000000001100110000000000000000110000000000000000000011000000
0000000011000000000000110000000000001100000000000000000000000011
0000000000000011000011000000000000000011000000000000000011000000
0000000000110000110000000000000000110000000000000000000000000011
0000000000001100000000110000000000001100000000000000000000110000
0000000011000000001100000000000011000000000000000000000000001100
0000000000000011000011000000000000110000000000000000000000000011
0000000000110000110000000000000000001100000000000000000000110000
0000000000001100000000110000000011000000000000000000000000001100
0000000011000000001100000000000000000011000000000000000011000000
0000000000000011000011000000000000001100000000000000000000110000
0000000000110000110000000000000011000000000000000000000000001100
0000000000001100000000110000000000000011000000000000000011000000
0000000011000000001100000000000000110000000000000000000000000011
0000000000000011000011000000000011000000000000000000000000001100
0000000000110000110000000000000000000011000000000000000011000000
0000000000001100000000110000000000110000000000000000000000000011
0000000011000000001100000000000000001100000000000000000000110000
0000000000000011110000000000000000000011000000000000000000000011
0000000000110000000000110000000000110000000000000000000000110000
0000000000001100001100000000000000001100000000000000000000001100
0000000011000000000011000000000011000000000000000000000011000000
0000000000000011110000000000000000110000000000000000000000110000
0000000000110000000000110000000000001100000000000000000000001100
0000000000001100001100000000000011000000000000000000000011000000
0000000011000000000011000000000000000011000000000000000000000011
0000000000000011110000000000000000001100000000000000000000001100
0000000000110000000000110000000011000000000000000000000011000000
0000000000001100001100000000000000000011000000000000000000000011
0000000011000000000011000000000000110000000000000000000000110000
0000000000000011110000000000000011000000000000000000000011000000
0000000000110000000000110000000000000011000000000000000000000011
0000000000001100001100000000000000110000000000000000000000110000
0000000011000000000011000000000000001100000000000000000000001100
0000000000000101000001010000000000000101000000000000000001010000
0000000001010000010100000000000001010000000000000000000000001010
0000000000001010000010100000000000001010000000000000000010100000
0000000010100000101000000000000010100000000000000000000000000101
0000000000000101000001010000000001010000000000000000000000001010
0000000001010000010100000000000000001010000000000000000010100000
0000000000001010000010100000000010100000000000000000000000000101
0000000010100000101000000000000000000101000000000000000001010000
0000000000000101000001010000000000001010000000000000000010100000
0000000001010000010100000000000010100000000000000000000000000101
0000000000001010000010100000000000000101000000000000000001010000
0000000010100000101000000000000001010000000000000000000000001010
0000000000000101000001010000000010100000000000000000000000000101
0000000001010000010100000000000000000101000000000000000001010000
0000000000001010000010100000000001010000000000000000000000001010
0000000010100000101000000000000000001010000000000000000010100000
0000000000000101010100000000000000000101000000000000000000001010
0000000001010000000010100000000001010000000000000000000010100000
0000000000001010101000000000000000001010000000000000000000000101
0000000010100000000001010000000010100000000000000000000001010000
0000000000000101010100000000000001010000000000000000000010100000
0000000001010000000010100000000000001010000000000000000000000101
0000000000001010101000000000000010100000000000000000000001010000
0000000010100000000001010000000000000101000000000000000000001010
0000000000000101010100000000000000001010000000000000000000000101
0000000001010000000010100000000010100000000000000000000001010000
0000000000001010101000000000000000000101000000000000000000001010
0000000010100000000001010000000001010000000000000000000010100000
0000000000000101010100000000000010100000000000000000000001010000
0000000001010000000010100000000000000101000000000000000000001010
0000000000001010101000000000000001010000000000000000000010100000
0000000010100000000001010000000000001010000000000000000000000101
0000000000000101000010100000000000000101000000000000000010100000
0000000001010000101000000000000001010000000000000000000000000101
0000000000001010000001010000000000001010000000000000000001010000
0000000010100000010100000000000010100000000000000000000000001010
0000000000000101000010100000000001010000000000000000000000000101
0000000001010000101000000000000000001010000000000000000001010000
0000000000001010000001010000000010100000000000000000000000001010
0000000010100000010100000000000000000101000000000000000010100000
0000000000000101000010100000000000001010000000000000000001010000
0000000001010000101000000000000010100000000000000000000000001010
0000000000001010000001010000000000000101000000000000000010100000
0000000010100000010100000000000001010000000000000000000000000101
0000000000000101000010100000000010100000000000000000000000001010
0000000001010000101000000000000000000101000000000000000010100000
0000000000001010000001010000000001010000000000000000000000000101
0000000010100000010100000000000000001010000000000000000001010000
0000000000000101101000000000000000000101000000000000000000000101
0000000001010000000001010000000001010000000000000000000001010000
0000000000001010010100000000000000001010000000000000000000001010
0000000010100000000010100000000010100000000000000000000010100000
0000000000000101101000000000000001010000000000000000000001010000
0000000001010000000001010000000000001010000000000000000000001010
0000000000001010010100000000000010100000000000000000000010100000
0000000010100000000010100000000000000101000000000000000000000101
0000000000000101101000000000000000001010000000000000000000001010
0000000001010000000001010000000010100000000000000000000010100000
0000000000001010010100000000000000000101000000000000000000000101
0000000010100000000010100000000001010000000000000000000001010000
0000000000000101101000000000000010100000000000000000000010100000
0000000001010000000001010000000000000101000000000000000000000101
0000000000001010010100000000000001010000000000000000000001010000
0000000010100000000010100000000000001010000000000000000000001010
0000000000000110000001100000000000000110000000000000000001100000
0000000001100000011000000000000001100000000000000000000000001001
0000000000001001000010010000000000001001000000000000000010010000
0000000010010000100100000000000010010000000000000000000000000110
0000000000000110000001100000000001100000000000000000000000001001
0000000001100000011000000000000000001001000000000000000010010000
0000000000001001000010010000000010010000000000000000000000000110
0000000010010000100100000000000000000110000000000000000001100000
0000000000000110000001100000000000001001000000000000000010010000
0000000001100000011000000000000010010000000000000000000000000110
0000000000001001000010010000000000000110000000000000000001100000
0000000010010000100100000000000001100000000000000000000000001001
0000000000000110000001100000000010010000000000000000000000000110
0000000001100000011000000000000000000110000000000000000001100000
0000000000001001000010010000000001100000000000000000000000001001
0000000010010000100100000000000000001001000000000000000010010000
0000000000000110011000000000000000000110000000000000000000001001
0000000001100000000010010000000001100000000000000000000010010000
0000000000001001100100000000000000001001000000000000000000000110
0000000010010000000001100000000010010000000000000000000001100000
0000000000000110011000000000000001100000000000000000000010010000
0000000001100000000010010000000000001001000000000000000000000110
0000000000001001100100000000000010010000000000000000000001100000
0000000010010000000001100000000000000110000000000000000000001001
0000000000000110011000000000000000001001000000000000000000000110
0000000001100000000010010000000010010000000000000000000001100000
0000000000001001100100000000000000000110000000000000000000001001
0000000010010000000001100000000001100000000000000000000010010000
0000000000000110011000000000000010010000000000000000000001100000
0000000001100000000010010000000000000110000000000000000000001001
0000000000001001100100000000000001100000000000000000000010010000
0000000010010000000001100000000000001001000000000000000000000110
0000000000000110000010010000000000000110000000000000000010010000
0000000001100000100100000000000001100000000000000000000000000110
0000000000001001000001100000000000001001000000000000000001100000
0000000010010000011000000000000010010000000000000000000000001001
0000000000000110000010010000000001100000000000000000000000000110
0000000001100000100100000000000000001001000000000000000001100000
0000000000001001000001100000000010010000000000000000000000001001
0000000010010000011000000000000000000110000000000000000010010000
0000000000000110000010010000000000001001000000000000000001100000
0000000001100000100100000000000010010000000000000000000000001001
0000000000001001000001100000000000000110000000000000000010010000
0000000010010000011000000000000001100000000000000000000000000110
0000000000000110000010010000000010010000000000000000000000001001
0000000001100000100100000000000000000110000000000000000010010000
0000000000001001000001100000000001100000000000000000000000000110
0000000010010000011000000000000000001001000000000000000001100000
0000000000000110100100000000000000000110000000000000000000000110
0000000001100000000001100000000001100000000000000000000001100000
0000000000001001011000000000000000001001000000000000000000001001
0000000010010000000010010000000010010000000000000000000010010000
0000000000000110100100000000000001100000000000000000000001100000
0000000001100000000001100000000000001001000000000000000000001001
0000000000001001011000000000000010010000000000000000000010010000
0000000010010000000010010000000000000110000000000000000000000110
0000000000000110100100000000000000001001000000000000000000001001
0000000001100000000001100000000010010000000000000000000010010000
0000000000001001011000000000000000000110000000000000000000000110
0000000010010000000010010000000001100000000000000000000001100000
0000000000000110100100000000000010010000000000000000000010010000
0000000001100000000001100000000000000110000000000000000000000110
0000000000001001011000000000000001100000000000000000000001100000
0000000010010000000010010000000000001001000000000000000000001001
0000000010001000100010000000000010001000000000000000000001000100
0000000001000100010001000000000001000100000000000000000000100010
0000000000100010001000100000000000100010000000000000000000010001
0000000000010001000100010000000000010001000000000000000010001000
0000000010001000100010000000000001000100000000000000000000100010
0000000001000100010001000000000000100010000000000000000000010001
0000000000100010001000100000000000010001000000000000000010001000
0000000000010001000100010000000010001000000000000000000001000100
0000000010001000100010000000000000100010000000000000000000010001
0000000001000100010001000000000000010001000000000000000010001000
0000000000100010001000100000000010001000000000000000000001000100
0000000000010001000100010000000001000100000000000000000000100010
0000000010001000100010000000000000010001000000000000000010001000
0000000001000100010001000000000010001000000000000000000001000100
0000000000100010001000100000000001000100000000000000000000100010
0000000000010001000100010000000000100010000000000000000000010001
0000000010001000010001000000000010001000000000000000000000100010
0000000001000100001000100000000001000100000000000000000000010001
0000000000100010000100010000000000100010000000000000000010001000
0000000000010001100010000000000000010001000000000000000001000100
0000000010001000010001000000000001000100000000000000000000010001
0000000001000100001000100000000000100010000000000000000010001000
0000000000100010000100010000000000010001000000000000000001000100
0000000000010001100010000000000010001000000000000000000000100010
0000000010001000010001000000000000100010000000000000000010001000
0000000001000100001000100000000000010001000000000000000001000100
0000000000100010000100010000000010001000000000000000000000100010
0000000000010001100010000000000001000100000000000000000000010001
0000000010001000010001000000000000010001000000000000000001000100
0000000001000100001000100000000010001000000000000000000000100010
0000000000100010000100010000000001000100000000000000000000010001
0000000000010001100010000000000000100010000000000000000010001000
0000000010001000001000100000000010001000000000000000000000010001
0000000001000100000100010000000001000100000000000000000010001000
0000000000100010100010000000000000100010000000000000000001000100
0000000000010001010001000000000000010001000000000000000000100010
0000000010001000001000100000000001000100000000000000000010001000
0000000001000100000100010000000000100010000000000000000001000100
0000000000100010100010000000000000010001000000000000000000100010
0000000000010001010001000000000010001000000000000000000000010001
0000000010001000001000100000000000100010000000000000000001000100
0000000001000100000100010000000000010001000000000000000000100010
0000000000100010100010000000000010001000000000000000000000010001
0000000000010001010001000000000001000100000000000000000010001000
0000000010001000001000100000000000010001000000000000000000100010
0000000001000100000100010000000010001000000000000000000000010001
0000000000100010100010000000000001000100000000000000000010001000
0000000000010001010001000000000000100010000000000000000001000100
0000000010001000000100010000000010001000000000000000000010001000
0000000001000100100010000000000001000100000000000000000001000100
0000000000100010010001000000000000100010000000000000000000100010
0000000000010001001000100000000000010001000000000000000000010001
0000000010001000000100010000000001000100000000000000000001000100
0000000001000100100010000000000000100010000000000000000000100010
0000000000100010010001000000000000010001000000000000000000010001
0000000000010001001000100000000010001000000000000000000010001000
0000000010001000000100010000000000100010000000000000000000100010
0000000001000100100010000000000000010001000000000000000000010001
0000000000100010010001000000000010001000000000000000000010001000
0000000000010001001000100000000001000100000000000000000001000100
0000000010001000000100010000000000010001000000000000000000010001
0000000001000100100010000000000010001000000000000000000010001000
0000000000100010010001000000000001000100000000000000000001000100
0000000000010001001000100000000000100010000000000000000000100010
0000000010000100100001000000000010000100000000000000000001000010
0000000001000010010000100000000001000010000000000000000000100001
0000000000100001001000010000000000100001000000000000000000011000
0000000000011000000110000000000000011000000000000000000010000100
0000000010000100100001000000000001000010000000000000000000100001
0000000001000010010000100000000000100001000000000000000000011000
0000000000100001001000010000000000011000000000000000000010000100
0000000000011000000110000000000010000100000000000000000001000010
0000000010000100100001000000000000100001000000000000000000011000
0000000001000010010000100000000000011000000000000000000010000100
0000000000100001001000010000000010000100000000000000000001000010
0000000000011000000110000000000001000010000000000000000000100001
0000000010000100100001000000000000011000000000000000000010000100
0000000001000010010000100000000010000100000000000000000001000010
0000000000100001001000010000000001000010000000000000000000100001
0000000000011000000110000000000000100001000000000000000000011000
0000000010000100010000100000000010000100000000000000000000100001
0000000001000010001000010000000001000010000000000000000000011000
0000000000100001000110000000000000100001000000000000000010000100
0000000000011000100001000000000000011000000000000000000001000010
0000000010000100010000100000000001000010000000000000000000011000
0000000001000010001000010000000000100001000000000000000010000100
0000000000100001000110000000000000011000000000000000000001000010
0000000000011000100001000000000010000100000000000000000000100001
0000000010000100010000100000000000100001000000000000000010000100
0000000001000010001000010000000000011000000000000000000001000010
0000000000100001000110000000000010000100000000000000000000100001
0000000000011000100001000000000001000010000000000000000000011000
0000000010000100010000100000000000011000000000000000000001000010
0000000001000010001000010000000010000100000000000000000000100001
0000000000100001000110000000000001000010000000000000000000011000
0000000000011000100001000000000000100001000000000000000010000100
0000000010000100001000010000000010000100000000000000000000011000
0000000001000010000110000000000001000010000000000000000010000100
0000000000100001100001000000000000100001000000000000000001000010
0000000000011000010000100000000000011000000000000000000000100001
0000000010000100001000010000000001000010000000000000000010000100
0000000001000010000110000000000000100001000000000000000001000010
0000000000100001100001000000000000011000000000000000000000100001
0000000000011000010000100000000010000100000000000000000000011000
0000000010000100001000010000000000100001000000000000000001000010
0000000001000010000110000000000000011000000000000000000000100001
0000000000100001100001000000000010000100000000000000000000011000
0000000000011000010000100000000001000010000000000000000010000100
0000000010000100001000010000000000011000000000000000000000100001
0000000001000010000110000000000010000100000000000000000000011000
0000000000100001100001000000000001000010000000000000000010000100
0000000000011000010000100000000000100001000000000000000001000010
0000000010000100000110000000000010000100000000000000000010000100
0000000001000010100001000000000001000010000000000000000001000010
0000000000100001010000100000000000100001000000000000000000100001
0000000000011000001000010000000000011000000000000000000000011000
0000000010000100000110000000000001000010000000000000000001000010
0000000001000010100001000000000000100001000000000000000000100001
0000000000100001010000100000000000011000000000000000000000011000
0000000000011000001000010000000010000100000000000000000010000100
0000000010000100000110000000000000100001000000000000000000100001
0000000001000010100001000000000000011000000000000000000000011000
0000000000100001010000100000000010000100000000000000000010000100
0000000000011000001000010000000001000010000000000000000001000010
0000000010000100000110000000000000011000000000000000000000011000
0000000001000010100001000000000010000100000000000000000010000100
0000000000100001010000100000000001000010000000000000000001000010
0000000000011000001000010000000000100001000000000000000000100001
0000000010000010100000100000000010000010000000000000000001000001
0000000001000001010000010000000001000001000000000000000000101000
0000000000101000001010000000000000101000000000000000000000010100
0000000000010100000101000000000000010100000000000000000010000010
0000000010000010100000100000000001000001000000000000000000101000
0000000001000001010000010000000000101000000000000000000000010100
0000000000101000001010000000000000010100000000000000000010000010
0000000000010100000101000000000010000010000000000000000001000001
0000000010000010100000100000000000101000000000000000000000010100
0000000001000001010000010000000000010100000000000000000010000010
0000000000101000001010000000000010000010000000000000000001000001
0000000000010100000101000000000001000001000000000000000000101000
0000000010000010100000100000000000010100000000000000000010000010
0000000001000001010000010000000010000010000000000000000001000001
0000000000101000001010000000000001000001000000000000000000101000
0000000000010100000101000000000000101000000000000000000000010100
0000000010000010010000010000000010000010000000000000000000101000
0000000001000001001010000000000001000001000000000000000000010100
0000000000101000000101000000000000101000000000000000000010000010
0000000000010100100000100000000000010100000000000000000001000001
0000000010000010010000010000000001000001000000000000000000010100
0000000001000001001010000000000000101000000000000000000010000010
0000000000101000000101000000000000010100000000000000000001000001
0000000000010100100000100000000010000010000000000000000000101000
0000000010000010010000010000000000101000000000000000000010000010
0000000001000001001010000000000000010100000000000000000001000001
0000000000101000000101000000000010000010000000000000000000101000
0000000000010100100000100000000001000001000000000000000000010100
0000000010000010010000010000000000010100000000000000000001000001
0000000001000001001010000000000010000010000000000000000000101000
0000000000101000000101000000000001000001000000000000000000010100
0000000000010100100000100000000000101000000000000000000010000010
0000000010000010001010000000000010000010000000000000000000010100
0000000001000001000101000000000001000001000000000000000010000010
0000000000101000100000100000000000101000000000000000000001000001
0000000000010100010000010000000000010100000000000000000000101000
0000000010000010001010000000000001000001000000000000000010000010
0000000001000001000101000000000000101000000000000000000001000001
0000000000101000100000100000000000010100000000000000000000101000
0000000000010100010000010000000010000010000000000000000000010100
0000000010000010001010000000000000101000000000000000000001000001
0000000001000001000101000000000000010100000000000000000000101000
0000000000101000100000100000000010000010000000000000000000010100
0000000000010100010000010000000001000001000000000000000010000010
0000000010000010001010000000000000010100000000000000000000101000
0000000001000001000101000000000010000010000000000000000000010100
0000000000101000100000100000000001000001000000000000000010000010
0000000000010100010000010000000000101000000000000000000001000001
0000000010000010000101000000000010000010000000000000000010000010
0000000001000001100000100000000001000001000000000000000001000001
0000000000101000010000010000000000101000000000000000000000101000
0000000000010100001010000000000000010100000000000000000000010100
0000000010000010000101000000000001000001000000000000000001000001
0000000001000001100000100000000000101000000000000000000000101000
0000000000101000010000010000000000010100000000000000000000010100
0000000000010100001010000000000010000010000000000000000010000010
0000000010000010000101000000000000101000000000000000000000101000
0000000001000001100000100000000000010100000000000000000000010100
0000000000101000010000010000000010000010000000000000000010000010
0000000000010100001010000000000001000001000000000000000001000001
0000000010000010000101000000000000010100000000000000000000010100
0000000001000001100000100000000010000010000000000000000010000010
0000000000101000010000010000000001000001000000000000000001000001
0000000000010100001010000000000000101000000000000000000000101000
0000000010000001100000010000000010000001000000000000000001001000
0000000001001000010010000000000001001000000000000000000000100100
0000000000100100001001000000000000100100000000000000000000010010
0000000000010010000100100000000000010010000000000000000010000001
0000000010000001100000010000000001001000000000000000000000100100
0000000001001000010010000000000000100100000000000000000000010010
0000000000100100001001000000000000010010000000000000000010000001
0000000000010010000100100000000010000001000000000000000001001000
0000000010000001100000010000000000100100000000000000000000010010
0000000001001000010010000000000000010010000000000000000010000001
0000000000100100001001000000000010000001000000000000000001001000
0000000000010010000100100000000001001000000000000000000000100100
0000000010000001100000010000000000010010000000000000000010000001
0000000001001000010010000000000010000001000000000000000001001000
0000000000100100001001000000000001001000000000000000000000100100
0000000000010010000100100000000000100100000000000000000000010010
0000000010000001010010000000000010000001000000000000000000100100
0000000001001000001001000000000001001000000000000000000000010010
0000000000100100000100100000000000100100000000000000000010000001
0000000000010010100000010000000000010010000000000000000001001000
0000000010000001010010000000000001001000000000000000000000010010
0000000001001000001001000000000000100100000000000000000010000001
0000000000100100000100100000000000010010000000000000000001001000
0000000000010010100000010000000010000001000000000000000000100100
0000000010000001010010000000000000100100000000000000000010000001
0000000001001000001001000000000000010010000000000000000001001000
0000000000100100000100100000000010000001000000000000000000100100
0000000000010010100000010000000001001000000000000000000000010010
0000000010000001010010000000000000010010000000000000000001001000
0000000001001000001001000000000010000001000000000000000000100100
0000000000100100000100100000000001001000000000000000000000010010
0000000000010010100000010000000000100100000000000000000010000001
0000000010000001001001000000000010000001000000000000000000010010
0000000001001000000100100000000001001000000000000000000010000001
0000000000100100100000010000000000100100000000000000000001001000
0000000000010010010010000000000000010010000000000000000000100100
0000000010000001001001000000000001001000000000000000000010000001
0000000001001000000100100000000000100100000000000000000001001000
0000000000100100100000010000000000010010000000000000000000100100
0000000000010010010010000000000010000001000000000000000000010010
0000000010000001001001000000000000100100000000000000000001001000
0000000001001000000100100000000000010010000000000000000000100100
0000000000100100100000010000000010000001000000000000000000010010
0000000000010010010010000000000001001000000000000000000010000001
0000000010000001001001000000000000010010000000000000000000100100
0000000001001000000100100000000010000001000000000000000000010010
0000000000100100100000010000000001001000000000000000000010000001
0000000000010010010010000000000000100100000000000000000001001000
0000000010000001000100100000000010000001000000000000000010000001
0000000001001000100000010000000001001000000000000000000001001000
0000000000100100010010000000000000100100000000000000000000100100
0000000000010010001001000000000000010010000000000000000000010010
0000000010000001000100100000000001001000000000000000000001001000
0000000001001000100000010000000000100100000000000000000000100100
0000000000100100010010000000000000010010000000000000000000010010
0000000000010010001001000000000010000001000000000000000010000001
0000000010000001000100100000000000100100000000000000000000100100
0000000001001000100000010000000000010010000000000000000000010010
0000000000100100010010000000000010000001000000000000000010000001
0000000000010010001001000000000001001000000000000000000001001000
0000000010000001000100100000000000010010000000000000000000010010
0000000001001000100000010000000010000001000000000000000010000001
0000000000100100010010000000000001001000000000000000000001001000
0000000000010010001001000000000000100100000000000000000000100100
1111111100000000000000000000000000000000000000000000000000000000
0000000011111111000000000000000000000000000000000000000000000000
0000000000000000111111110000000000000000000000000000000000000000
0000000000000000000000001111111100000000000000000000000000000000
0000000000000000000000000000000011111111000000000000000000000000
0000000000000000000000000000000000000000111111110000000000000000
0000000000000000000000000000000000000000000000001111111100000000
0000000000000000000000000000000000000000000000000000000011111111