0101
2323
4545
6767
0123
2301
4567
6745
0145
2367
4523
6701
0167
2345
4501
6723
0202
1313
4646
5757
0213
1302
4657
5746
0246
1357
4613
5702
0257
1346
4602
5713
0303
1212
4747
5656
0312
1203
4756
5647
0347
1256
4712
5603
0356
1247
4703
5612
0404
1515
2626
3737
0415
1526
2637
3704
0426
1537
2604
3715
0437
1504
2615
3726
0505
1616
2727
3434
0516
1627
2734
3405
0527
1634
2705
3416
0534
1605
2716
3427
0606
1717
2424
3535
0617
1724
2435
3506
0624
1735
2406
3517
0635
1706
2417
3524
0707
1414
2525
3636
0714
1425
2536
3607
0725
1436
2507
3614
0736
1407
2514
3625