00000000000000000000000011111111
00000000000000000000111100001111
00000000000000000000111111110000
00000000000000000011001100110011
00000000000000000011001111001100
00000000000000000011110000111100
00000000000000000011110011000011
00000000000000000101010101010101
00000000000000000101010110101010
00000000000000000101101001011010
00000000000000000101101010100101
00000000000000000110011001100110
00000000000000000110011010011001
00000000000000000110100101101001
00000000000000000110100110010110
00000000000000001001011001101001
00000000000000001001011010010110
00000000000000001001100101100110
00000000000000001001100110011001
00000000000000001010010101011010
00000000000000001010010110100101
00000000000000001010101001010101
00000000000000001010101010101010
00000000000000001100001100111100
00000000000000001100001111000011
00000000000000001100110000110011
00000000000000001100110011001100
00000000000000001111000000001111
00000000000000001111000011110000
00000000000000001111111100000000
00000000000000110000001101010110
00000000000000110000001110101001
00000000000000110000110001011001
00000000000000110000110010100110
00000000000000110011000001100101
00000000000000110011000010011010
00000000000000110101011000000011
00000000000000110101100100001100
00000000000000110110010100110000
00000000000000110110101011000000
00000000000000111001010111000000
00000000000000111001101000110000
00000000000000111010011000001100
00000000000000111010100100000011
00000000000000111100000001101010
00000000000000111100000010010101
00000000000001010000010101100011
00000000000001010000010110011100
00000000000001010000101001101100
00000000000001010000101010010011
00000000000001010011011001010000
00000000000001010011100110100000
00000000000001010101000000110110
00000000000001010101000011001001
00000000000001010110001100000101
00000000000001010110110000001010
00000000000001011001001100001010
00000000000001011001110000000101
00000000000001011010000000111001
00000000000001011010000011000110
00000000000001011100011010100000
00000000000001011100100101010000
00000000000001100000011000110101
00000000000001100000011011001010
00000000000001100000100100111010
00000000000001100000100111000101
00000000000001100011010100000110
00000000000001100011101000001001
00000000000001100101001101100000
00000000000001100101110010010000
00000000000001100110000001010011
00000000000001100110000010101100
00000000000001101001000001011100
00000000000001101001000010100011
00000000000001101010001110010000
00000000000001101010110001100000
00000000000001101100010100001001
00000000000001101100101000000110
00000000000010010000011000111010
00000000000010010000011011000101
00000000000010010000100100110101
00000000000010010000100111001010
00000000000010010011010100001001
00000000000010010011101000000110
00000000000010010101001110010000
00000000000010010101110001100000
00000000000010010110000001011100
00000000000010010110000010100011
00000000000010011001000001010011
00000000000010011001000010101100
00000000000010011010001101100000
00000000000010011010110010010000
00000000000010011100010100000110
00000000000010011100101000001001
00000000000010100000010101101100
00000000000010100000010110010011
00000000000010100000101001100011
00000000000010100000101010011100
00000000000010100011011010100000
00000000000010100011100101010000
00000000000010100101000000111001
00000000000010100101000011000110
00000000000010100110001100001010
00000000000010100110110000000101
00000000000010101001001100000101
00000000000010101001110000001010
00000000000010101010000000110110
00000000000010101010000011001001
00000000000010101100011001010000
00000000000010101100100110100000
00000000000011000000001101011001
00000000000011000000001110100110
00000000000011000000110001010110
00000000000011000000110010101001
00000000000011000011000001101010
00000000000011000011000010010101
00000000000011000101011000001100
00000000000011000101100100000011
00000000000011000110010111000000
00000000000011000110101000110000
00000000000011001001010100110000
00000000000011001001101011000000
00000000000011001010011000000011
00000000000011001010100100001100
00000000000011001100000001100101
00000000000011001100000010011010
00000000000011110000000000001111
00000000000011110000000011110000
00000000000011110000111100000000
00000000000011111111000000000000
00000000000100010001000101111000
00000000000100010001000110000111
00000000000100010001111010001000
00000000000100010010001001001011
00000000000100010010001010110100
00000000000100010010110101000100
00000000000100010100010000101101
00000000000100010100010011010010
00000000000100010100101100100010
00000000000100010111100000010001
00000000000100011000011100010001
00000000000100011000100000011110
00000000000100011000100011100001
00000000000100011011010000100010
00000000000100011101001001000100
00000000000100011110000110001000
00000000000100100001001000101110
00000000000100100001001011010001
00000000000100100001110100100001
00000000000100100010000100011101
00000000000100100010000111100010
00000000000100100010111000010010
00000000000100100100011110000100
00000000000100100100100001110100
00000000000100100100100010001011
00000000000100100111010001001000
00000000000100101000010001000111
00000000000100101000010010111000
00000000000100101000101101001000
00000000000100101011100010000100
00000000000100101101000100010010
00000000000100101110001000100001
00000000000101000001010000011011
00000000000101000001010011100100
00000000000101000001101100010100
00000000000101000010011100101000
00000000000101000010100000100111
00000000000101000010100011011000
00000000000101000100000101001110
00000000000101000100000110110001
00000000000101000100111001000001
00000000000101000111001010000010
00000000000101001000001001110010
00000000000101001000001010001101
00000000000101001000110110000010
00000000000101001011000101000001
00000000000101001101100000101000
00000000000101001110010000010100
00000000000101110001100001000010
00000000000101110010010010000001
00000000000101110100001000011000
00000000000101111000000100100100
00000000000110000001011101000010
00000000000110000001100001001101
00000000000110000001100010110010
00000000000110000010010001110001
00000000000110000010010010001110
00000000000110000010101110000001
00000000000110000100001000010111
00000000000110000100001011101000
00000000000110000100110100011000
00000000000110000111000100100100
00000000000110001000000100101011
00000000000110001000000111010100
00000000000110001000111000100100
00000000000110001011001000011000
00000000000110001101010010000001
00000000000110001110100001000010
00000000000110110001010000010100
00000000000110110010100000101000
00000000000110110100000101000001
00000000000110111000001010000010
00000000000111010001001000100001
00000000000111010010000100010010
00000000000111010100100010000100
00000000000111011000010001001000
00000000000111100001000110001000
00000000000111100010001001000100
00000000000111100100010000100010
00000000000111101000100000010001
00000000001000010001001000011101
00000000001000010001001011100010
00000000001000010001110100010010
00000000001000010010000100101110
00000000001000010010000111010001
00000000001000010010111000100001
00000000001000010100011101001000
00000000001000010100100001000111
00000000001000010100100010111000
00000000001000010111010010000100
00000000001000011000010001110100
00000000001000011000010010001011
00000000001000011000101110000100
00000000001000011011100001001000
00000000001000011101000100100001
00000000001000011110001000010010
00000000001000100001000101001011
00000000001000100001000110110100
00000000001000100001111001000100
00000000001000100010001001111000
00000000001000100010001010000111
00000000001000100010110110001000
00000000001000100100010000011110
00000000001000100100010011100001
00000000001000100100101100010001
00000000001000100111100000100010
00000000001000101000011100100010
00000000001000101000100000101101
00000000001000101000100011010010
00000000001000101011010000010001
00000000001000101101001010001000
00000000001000101110000101000100
00000000001001000001011110000001
00000000001001000001100001110001
00000000001001000001100010001110
00000000001001000010010001001101
00000000001001000010010010110010
00000000001001000010101101000010
00000000001001000100001000101011
00000000001001000100001011010100
00000000001001000100110100100100
00000000001001000111000100011000
00000000001001001000000100010111
00000000001001001000000111101000
00000000001001001000111000011000
00000000001001001011001000100100
00000000001001001101010001000010
00000000001001001110100010000001
00000000001001110001010000101000
00000000001001110010100000010100
00000000001001110100000110000010
00000000001001111000001001000001
00000000001010000001010000100111
00000000001010000001010011011000
00000000001010000001101100101000
00000000001010000010011100010100
00000000001010000010100000011011
00000000001010000010100011100100
00000000001010000100000101110010
00000000001010000100000110001101
00000000001010000100111010000010
00000000001010000111001001000001
00000000001010001000001001001110
00000000001010001000001010110001
00000000001010001000110101000001
00000000001010001011000110000010
00000000001010001101100000010100
00000000001010001110010000101000
00000000001010110001100010000001
00000000001010110010010001000010
00000000001010110100001000100100
00000000001010111000000100011000
00000000001011010001000101000100
00000000001011010010001010001000
00000000001011010100010000010001
00000000001011011000100000100010
00000000001011100001001000010010
00000000001011100010000100100001
00000000001011100100100001001000
00000000001011101000010010000100
00000000001100000000001101100101
00000000001100000000001110011010
00000000001100000000110001101010
00000000001100000000110010010101
00000000001100000011000001010110
00000000001100000011000010101001
00000000001100000101011000110000
00000000001100000101100111000000
00000000001100000110010100000011
00000000001100000110101000001100
00000000001100001001010100001100
00000000001100001001101000000011
00000000001100001010011011000000
00000000001100001010100100110000
00000000001100001100000001011001
00000000001100001100000010100110
00000000001100110000000000110011
00000000001100110000000011001100
00000000001100110011001100000000
00000000001100111100110000000000
00000000001101010000011000000110
00000000001101010000100100001001
00000000001101010110000001100000
00000000001101011001000010010000
00000000001101100000010101010000
00000000001101100000101010100000
00000000001101100101000000000101
00000000001101101010000000001010
00000000001110010000010110100000
00000000001110010000101001010000
00000000001110010101000000001010
00000000001110011010000000000101
00000000001110100000011000001001
00000000001110100000100100000110
00000000001110100110000010010000
00000000001110101001000001100000
00000000001111000000000000111100
00000000001111000000000011000011
00000000001111000011110000000000
00000000001111001100001100000000
00000000010000010001010001001110
00000000010000010001010010110001
00000000010000010001101101000001
00000000010000010010011110000010
00000000010000010010100001110010
00000000010000010010100010001101
00000000010000010100000100011011
00000000010000010100000111100100
00000000010000010100111000010100
00000000010000010111001000101000
00000000010000011000001000100111
00000000010000011000001011011000
00000000010000011000110100101000
00000000010000011011000100010100
00000000010000011101100010000010
00000000010000011110010001000001
00000000010000100001011100011000
00000000010000100001100000010111
00000000010000100001100011101000
00000000010000100010010000101011
00000000010000100010010011010100
00000000010000100010101100100100
00000000010000100100001001001101
00000000010000100100001010110010
00000000010000100100110101000010
00000000010000100111000110000001
00000000010000101000000101110001
00000000010000101000000110001110
00000000010000101000111010000001
00000000010000101011001001000010
00000000010000101101010000100100
00000000010000101110100000011000
00000000010001000001000100101101
00000000010001000001000111010010
00000000010001000001111000100010
00000000010001000010001000011110
00000000010001000010001011100001
00000000010001000010110100010001
00000000010001000100010001111000
00000000010001000100010010000111
00000000010001000100101110001000
00000000010001000111100001000100
00000000010001001000011101000100
00000000010001001000100001001011
00000000010001001000100010110100
00000000010001001011010010001000
00000000010001001101001000010001
00000000010001001110000100100010
00000000010001110001001010000100
00000000010001110010000101001000
00000000010001110100100000100001
00000000010001111000010000010010
00000000010010000001001001110100
00000000010010000001001010001011
00000000010010000001110110000100
00000000010010000010000101000111
00000000010010000010000110111000
00000000010010000010111001001000
00000000010010000100011100100001
00000000010010000100100000101110
00000000010010000100100011010001
00000000010010000111010000010010
00000000010010001000010000011101
00000000010010001000010011100010
00000000010010001000101100010010
00000000010010001011100000100001
00000000010010001101000101001000
00000000010010001110001010000100
00000000010010110001000100100010
00000000010010110010001000010001
00000000010010110100010010001000
00000000010010111000100001000100
00000000010011010001100000011000
00000000010011010010010000100100
00000000010011010100001001000010
00000000010011011000000110000001
00000000010011100001010001000001
00000000010011100010100010000010
00000000010011100100000100010100
00000000010011101000001000101000
00000000010100000000010100110110
00000000010100000000010111001001
00000000010100000000101000111001
00000000010100000000101011000110
00000000010100000011011000000101
00000000010100000011100100001010
00000000010100000101000001100011
00000000010100000101000010011100
00000000010100000110001101010000
00000000010100000110110010100000
00000000010100001001001110100000
00000000010100001001110001010000
00000000010100001010000001101100
00000000010100001010000010010011
00000000010100001100011000001010
00000000010100001100100100000101
00000000010100110000011001100000
00000000010100110000100110010000
00000000010100110110000000000110
00000000010100111001000000001001
00000000010101010000000001010101
00000000010101010000000010101010
00000000010101010101010100000000
00000000010101011010101000000000
00000000010101100000001100000011
00000000010101100000110000001100
00000000010101100011000000110000
00000000010101101100000011000000
00000000010110010000001100001100
00000000010110010000110000000011
00000000010110010011000011000000
00000000010110011100000000110000
00000000010110100000000001011010
00000000010110100000000010100101
00000000010110100101101000000000
00000000010110101010010100000000
00000000010111000000011010010000
00000000010111000000100101100000
00000000010111000110000000001001
00000000010111001001000000000110
00000000011000000000011001010011
00000000011000000000011010101100
00000000011000000000100101011100
00000000011000000000100110100011
00000000011000000011010101100000
00000000011000000011101010010000
00000000011000000101001100000110
00000000011000000101110000001001
00000000011000000110000000110101
00000000011000000110000011001010
00000000011000001001000000111010
00000000011000001001000011000101
00000000011000001010001100001001
00000000011000001010110000000110
00000000011000001100010110010000
00000000011000001100101001100000
00000000011000110000010100000101
00000000011000110000101000001010
00000000011000110101000001010000
00000000011000111010000010100000
00000000011001010000001100110000
00000000011001010000110011000000
00000000011001010011000000000011
00000000011001011100000000001100
00000000011001100000000001100110
00000000011001100000000010011001
00000000011001100110011000000000
00000000011001101001100100000000
00000000011010010000000001101001
00000000011010010000000010010110
00000000011010010110100100000000
00000000011010011001011000000000
00000000011010100000001111000000
00000000011010100000110000110000
00000000011010100011000000001100
00000000011010101100000000000011
00000000011011000000010100001010
00000000011011000000101000000101
00000000011011000101000010100000
00000000011011001010000001010000
00000000011100010001100000100100
00000000011100010010010000011000
00000000011100010100001010000001
00000000011100011000000101000010
00000000011100100001010010000010
00000000011100100010100001000001
00000000011100100100000100101000
00000000011100101000001000010100
00000000011101000001001001001000
00000000011101000010000110000100
00000000011101000100100000010010
00000000011101001000010000100001
00000000011110000001000100010001
00000000011110000010001000100010
00000000011110000100010001000100
00000000011110001000100010001000
00000000100000010001011100100100
00000000100000010001100000101011
00000000100000010001100011010100
00000000100000010010010000010111
00000000100000010010010011101000
00000000100000010010101100011000
00000000100000010100001001110001
00000000100000010100001010001110
00000000100000010100110110000001
00000000100000010111000101000010
00000000100000011000000101001101
00000000100000011000000110110010
00000000100000011000111001000010
00000000100000011011001010000001
00000000100000011101010000011000
00000000100000011110100000100100
00000000100000100001010001110010
00000000100000100001010010001101
00000000100000100001101110000010
00000000100000100010011101000001
00000000100000100010100001001110
00000000100000100010100010110001
00000000100000100100000100100111
00000000100000100100000111011000
00000000100000100100111000101000
00000000100000100111001000010100
00000000100000101000001000011011
00000000100000101000001011100100
00000000100000101000110100010100
00000000100000101011000100101000
00000000100000101101100001000001
00000000100000101110010010000010
00000000100001000001001001000111
00000000100001000001001010111000
00000000100001000001110101001000
00000000100001000010000101110100
00000000100001000010000110001011
00000000100001000010111010000100
00000000100001000100011100010010
00000000100001000100100000011101
00000000100001000100100011100010
00000000100001000111010000100001
00000000100001001000010000101110
00000000100001001000010011010001
00000000100001001000101100100001
00000000100001001011100000010010
00000000100001001101000110000100
00000000100001001110001001001000
00000000100001110001000100010001
00000000100001110010001000100010
00000000100001110100010001000100
00000000100001111000100010001000
00000000100010000001000100011110
00000000100010000001000111100001
00000000100010000001111000010001
00000000100010000010001000101101
00000000100010000010001011010010
00000000100010000010110100100010
00000000100010000100010001001011
00000000100010000100010010110100
00000000100010000100101101000100
00000000100010000111100010001000
00000000100010001000011110001000
00000000100010001000100001111000
00000000100010001000100010000111
00000000100010001011010001000100
00000000100010001101001000100010
00000000100010001110000100010001
00000000100010110001001001001000
00000000100010110010000110000100
00000000100010110100100000010010
00000000100010111000010000100001
00000000100011010001010010000010
00000000100011010010100001000001
00000000100011010100000100101000
00000000100011011000001000010100
00000000100011100001100000100100
00000000100011100010010000011000
00000000100011100100001010000001
00000000100011101000000101000010
00000000100100000000011001011100
00000000100100000000011010100011
00000000100100000000100101010011
00000000100100000000100110101100
00000000100100000011010110010000
00000000100100000011101001100000
00000000100100000101001100001001
00000000100100000101110000000110
00000000100100000110000000111010
00000000100100000110000011000101
00000000100100001001000000110101
00000000100100001001000011001010
00000000100100001010001100000110
00000000100100001010110000001001
00000000100100001100010101100000
00000000100100001100101010010000
00000000100100110000010100001010
00000000100100110000101000000101
00000000100100110101000010100000
00000000100100111010000001010000
00000000100101010000001111000000
00000000100101010000110000110000
00000000100101010011000000001100
00000000100101011100000000000011
00000000100101100000000001101001
00000000100101100000000010010110
00000000100101100110100100000000
00000000100101101001011000000000
00000000100110010000000001100110
00000000100110010000000010011001
00000000100110010110011000000000
00000000100110011001100100000000
00000000100110100000001100110000
00000000100110100000110011000000
00000000100110100011000000000011
00000000100110101100000000001100
00000000100111000000010100000101
00000000100111000000101000001010
00000000100111000101000001010000
00000000100111001010000010100000
00000000101000000000010100111001
00000000101000000000010111000110
00000000101000000000101000110110
00000000101000000000101011001001
00000000101000000011011000001010
00000000101000000011100100000101
00000000101000000101000001101100
00000000101000000101000010010011
00000000101000000110001110100000
00000000101000000110110001010000
00000000101000001001001101010000
00000000101000001001110010100000
00000000101000001010000001100011
00000000101000001010000010011100
00000000101000001100011000000101
00000000101000001100100100001010
00000000101000110000011010010000
00000000101000110000100101100000
00000000101000110110000000001001
00000000101000111001000000000110
00000000101001010000000001011010
00000000101001010000000010100101
00000000101001010101101000000000
00000000101001011010010100000000
00000000101001100000001100001100
00000000101001100000110000000011
00000000101001100011000011000000
00000000101001101100000000110000
00000000101010010000001100000011
00000000101010010000110000001100
00000000101010010011000000110000
00000000101010011100000011000000
00000000101010100000000001010101
00000000101010100000000010101010
00000000101010100101010100000000
00000000101010101010101000000000
00000000101011000000011001100000
00000000101011000000100110010000
00000000101011000110000000000110
00000000101011001001000000001001
00000000101100010001010001000001
00000000101100010010100010000010
00000000101100010100000100010100
00000000101100011000001000101000
00000000101100100001100000011000
00000000101100100010010000100100
00000000101100100100001001000010
00000000101100101000000110000001
00000000101101000001000100100010
00000000101101000010001000010001
00000000101101000100010010001000
00000000101101001000100001000100
00000000101110000001001010000100
00000000101110000010000101001000
00000000101110000100100000100001
00000000101110001000010000010010
00000000110000000000001101101010
00000000110000000000001110010101
00000000110000000000110001100101
00000000110000000000110010011010
00000000110000000011000001011001
00000000110000000011000010100110
00000000110000000101011011000000
00000000110000000101100100110000
00000000110000000110010100001100
00000000110000000110101000000011
00000000110000001001010100000011
00000000110000001001101000001100
00000000110000001010011000110000
00000000110000001010100111000000
00000000110000001100000001010110
00000000110000001100000010101001
00000000110000110000000000111100
00000000110000110000000011000011
00000000110000110011110000000000
00000000110000111100001100000000
00000000110001010000011000001001
00000000110001010000100100000110
00000000110001010110000010010000
00000000110001011001000001100000
00000000110001100000010110100000
00000000110001100000101001010000
00000000110001100101000000001010
00000000110001101010000000000101
00000000110010010000010101010000
00000000110010010000101010100000
00000000110010010101000000000101
00000000110010011010000000001010
00000000110010100000011000000110
00000000110010100000100100001001
00000000110010100110000001100000
00000000110010101001000010010000
00000000110011000000000000110011
00000000110011000000000011001100
00000000110011000011001100000000
00000000110011001100110000000000
00000000110100010001001000010010
00000000110100010010000100100001
00000000110100010100100001001000
00000000110100011000010010000100
00000000110100100001000101000100
00000000110100100010001010001000
00000000110100100100010000010001
00000000110100101000100000100010
00000000110101000001100010000001
00000000110101000010010001000010
00000000110101000100001000100100
00000000110101001000000100011000
00000000110110000001010000101000
00000000110110000010100000010100
00000000110110000100000110000010
00000000110110001000001001000001
00000000111000010001000110001000
00000000111000010010001001000100
00000000111000010100010000100010
00000000111000011000100000010001
00000000111000100001001000100001
00000000111000100010000100010010
00000000111000100100100010000100
00000000111000101000010001001000
00000000111001000001010000010100
00000000111001000010100000101000
00000000111001000100000101000001
00000000111001001000001010000010
00000000111010000001100001000010
00000000111010000010010010000001
00000000111010000100001000011000
00000000111010001000000100100100
00000000111100000000000000001111
00000000111100000000000011110000
00000000111100000000111100000000
00000000111100001111000000000000
00000000111111110000000000000000
00001111000000000000000000001111
00001111000000000000000011110000
00001111000000000000111100000000
00001111000000001111000000000000
00001111000011110000000000000000
00001111111100000000000000000000
00010111000000000001000100010001
00010111000000000010001000100010
00010111000000000100010001000100
00010111000000001000100010001000
00011011000000000001001001001000
00011011000000000010000110000100
00011011000000000100100000010010
00011011000000001000010000100001
00011101000000000001010010000010
00011101000000000010100001000001
00011101000000000100000100101000
00011101000000001000001000010100
00011110000000000001100000100100
00011110000000000010010000011000
00011110000000000100001010000001
00011110000000001000000101000010
00100111000000000001001010000100
00100111000000000010000101001000
00100111000000000100100000100001
00100111000000001000010000010010
00101011000000000001000100100010
00101011000000000010001000010001
00101011000000000100010010001000
00101011000000001000100001000100
00101101000000000001100000011000
00101101000000000010010000100100
00101101000000000100001001000010
00101101000000001000000110000001
00101110000000000001010001000001
00101110000000000010100010000010
00101110000000000100000100010100
00101110000000001000001000101000
00110011000000000000000000111100
00110011000000000000000011000011
00110011000000000011110000000000
00110011000000001100001100000000
00110011001100110000000000000000
00110011110011000000000000000000
00110101000000000000011000001001
00110101000000000000100100000110
00110101000000000110000010010000
00110101000000001001000001100000
00110110000000000000010110100000
00110110000000000000101001010000
00110110000000000101000000001010
00110110000000001010000000000101
00111001000000000000010101010000
00111001000000000000101010100000
00111001000000000101000000000101
00111001000000001010000000001010
00111010000000000000011000000110
00111010000000000000100100001001
00111010000000000110000001100000
00111010000000001001000010010000
00111100000000000000000000110011
00111100000000000000000011001100
00111100000000000011001100000000
00111100000000001100110000000000
00111100001111000000000000000000
00111100110000110000000000000000
01000111000000000001010000101000
01000111000000000010100000010100
01000111000000000100000110000010
01000111000000001000001001000001
01001011000000000001100010000001
01001011000000000010010001000010
01001011000000000100001000100100
01001011000000001000000100011000
01001101000000000001000101000100
01001101000000000010001010001000
01001101000000000100010000010001
01001101000000001000100000100010
01001110000000000001001000010010
01001110000000000010000100100001
01001110000000000100100001001000
01001110000000001000010010000100
01010011000000000000011010010000
01010011000000000000100101100000
01010011000000000110000000001001
01010011000000001001000000000110
01010101000000000000000001011010
01010101000000000000000010100101
01010101000000000101101000000000
01010101000000001010010100000000
01010101010101010000000000000000
01010101101010100000000000000000
01010110000000000000001100001100
01010110000000000000110000000011
01010110000000000011000011000000
01010110000000001100000000110000
01011001000000000000001100000011
01011001000000000000110000001100
01011001000000000011000000110000
01011001000000001100000011000000
01011010000000000000000001010101
01011010000000000000000010101010
01011010000000000101010100000000
01011010000000001010101000000000
01011010010110100000000000000000
01011010101001010000000000000000
01011100000000000000011001100000
01011100000000000000100110010000
01011100000000000110000000000110
01011100000000001001000000001001
01100011000000000000010100000101
01100011000000000000101000001010
01100011000000000101000001010000
01100011000000001010000010100000
01100101000000000000001100110000
01100101000000000000110011000000
01100101000000000011000000000011
01100101000000001100000000001100
01100110000000000000000001100110
01100110000000000000000010011001
01100110000000000110011000000000
01100110000000001001100100000000
01100110011001100000000000000000
01100110100110010000000000000000
01101001000000000000000001101001
01101001000000000000000010010110
01101001000000000110100100000000
01101001000000001001011000000000
01101001011010010000000000000000
01101001100101100000000000000000
01101010000000000000001111000000
01101010000000000000110000110000
01101010000000000011000000001100
01101010000000001100000000000011
01101100000000000000010100001010
01101100000000000000101000000101
01101100000000000101000010100000
01101100000000001010000001010000
01110001000000000001000110001000
01110001000000000010001001000100
01110001000000000100010000100010
01110001000000001000100000010001
01110010000000000001001000100001
01110010000000000010000100010010
01110010000000000100100010000100
01110010000000001000010001001000
01110100000000000001010000010100
01110100000000000010100000101000
01110100000000000100000101000001
01110100000000001000001010000010
01111000000000000001100001000010
01111000000000000010010010000001
01111000000000000100001000011000
01111000000000001000000100100100
10000111000000000001100001000010
10000111000000000010010010000001
10000111000000000100001000011000
10000111000000001000000100100100
10001011000000000001010000010100
10001011000000000010100000101000
10001011000000000100000101000001
10001011000000001000001010000010
10001101000000000001001000100001
10001101000000000010000100010010
10001101000000000100100010000100
10001101000000001000010001001000
10001110000000000001000110001000
10001110000000000010001001000100
10001110000000000100010000100010
10001110000000001000100000010001
10010011000000000000010100001010
10010011000000000000101000000101
10010011000000000101000010100000
10010011000000001010000001010000
10010101000000000000001111000000
10010101000000000000110000110000
10010101000000000011000000001100
10010101000000001100000000000011
10010110000000000000000001101001
10010110000000000000000010010110
10010110000000000110100100000000
10010110000000001001011000000000
10010110011010010000000000000000
10010110100101100000000000000000
10011001000000000000000001100110
10011001000000000000000010011001
10011001000000000110011000000000
10011001000000001001100100000000
10011001011001100000000000000000
10011001100110010000000000000000
10011010000000000000001100110000
10011010000000000000110011000000
10011010000000000011000000000011
10011010000000001100000000001100
10011100000000000000010100000101
10011100000000000000101000001010
10011100000000000101000001010000
10011100000000001010000010100000
10100011000000000000011001100000
10100011000000000000100110010000
10100011000000000110000000000110
10100011000000001001000000001001
10100101000000000000000001010101
10100101000000000000000010101010
10100101000000000101010100000000
10100101000000001010101000000000
10100101010110100000000000000000
10100101101001010000000000000000
10100110000000000000001100000011
10100110000000000000110000001100
10100110000000000011000000110000
10100110000000001100000011000000
10101001000000000000001100001100
10101001000000000000110000000011
10101001000000000011000011000000
10101001000000001100000000110000
10101010000000000000000001011010
10101010000000000000000010100101
10101010000000000101101000000000
10101010000000001010010100000000
10101010010101010000000000000000
10101010101010100000000000000000
10101100000000000000011010010000
10101100000000000000100101100000
10101100000000000110000000001001
10101100000000001001000000000110
10110001000000000001001000010010
10110001000000000010000100100001
10110001000000000100100001001000
10110001000000001000010010000100
10110010000000000001000101000100
10110010000000000010001010001000
10110010000000000100010000010001
10110010000000001000100000100010
10110100000000000001100010000001
10110100000000000010010001000010
10110100000000000100001000100100
10110100000000001000000100011000
10111000000000000001010000101000
10111000000000000010100000010100
10111000000000000100000110000010
10111000000000001000001001000001
11000011000000000000000000110011
11000011000000000000000011001100
11000011000000000011001100000000
11000011000000001100110000000000
11000011001111000000000000000000
11000011110000110000000000000000
11000101000000000000011000000110
11000101000000000000100100001001
11000101000000000110000001100000
11000101000000001001000010010000
11000110000000000000010101010000
11000110000000000000101010100000
11000110000000000101000000000101
11000110000000001010000000001010
11001001000000000000010110100000
11001001000000000000101001010000
11001001000000000101000000001010
11001001000000001010000000000101
11001010000000000000011000001001
11001010000000000000100100000110
11001010000000000110000010010000
11001010000000001001000001100000
11001100000000000000000000111100
11001100000000000000000011000011
11001100000000000011110000000000
11001100000000001100001100000000
11001100001100110000000000000000
11001100110011000000000000000000
11010001000000000001010001000001
11010001000000000010100010000010
11010001000000000100000100010100
11010001000000001000001000101000
11010010000000000001100000011000
11010010000000000010010000100100
11010010000000000100001001000010
11010010000000001000000110000001
11010100000000000001000100100010
11010100000000000010001000010001
11010100000000000100010010001000
11010100000000001000100001000100
11011000000000000001001010000100
11011000000000000010000101001000
11011000000000000100100000100001
11011000000000001000010000010010
11100001000000000001100000100100
11100001000000000010010000011000
11100001000000000100001010000001
11100001000000001000000101000010
11100010000000000001010010000010
11100010000000000010100001000001
11100010000000000100000100101000
11100010000000001000001000010100
11100100000000000001001001001000
11100100000000000010000110000100
11100100000000000100100000010010
11100100000000001000010000100001
11101000000000000001000100010001
11101000000000000010001000100010
11101000000000000100010001000100
11101000000000001000100010001000
11110000000000000000000000001111
11110000000000000000000011110000
11110000000000000000111100000000
11110000000000001111000000000000
11110000000011110000000000000000
11110000111100000000000000000000
11111111000000000000000000000000