0101
4545
2323
6767 
0123
4567
2301
6745
0145
4523
2367
6701
0167
4501
2345
6723
0202
4646
1313
5757
0213
4657
1302
5746
0246
4613
1357
5702
0257
4602
1346
5713
0303
4747
1212
5656
0312
4756
1203
5647
0347
4712
1256
5603
0356
4703
1247
5612
0404
3737
2626
1515
0415
3704
2637
1526
0426
3715
2604
1537
0437
3726
2615
1504
0505
3434
2727
1616
0516
3405
2734
1627
0527
3416
2705
1634
0534
3427
2716
1605
0606
3535
2424
1717
0617
3506
2435
1724
0624
3517
2406
1735
0635
3524
2417
1706
0707
3636
2525
1414
0714
3607
2536
1425
0725
3614
2507
1436
0736
3625
2514
1407