00000000000000000000000011111111
00000000000000000000111100001111
00000000000000000000111111110000
00000000000000000011001100110011
00000000000000000011001111001100
00000000000000000011110000111100
00000000000000000011110011000011
00000000000000000101010101010101
00000000000000000101010110101010
00000000000000000101101001011010
00000000000000000101101010100101
00000000000000000110011001100110
00000000000000000110011010011001
00000000000000000110100101101001
00000000000000000110100110010110