0000000011111111
0000111100001111
0000111111110000
0011001100110011
0011001111001100
0011110000111100
0011110011000011
0101010101010101
0101010110101010
0101101001011010
0101101010100101
0110011001100110
0110011010011001
0110100101101001
0110100110010110
1001011001101001
1001011010010110
1001100101100110
1001100110011001
1010010101011010
1010010110100101
1010101001010101
1010101010101010
1100001100111100
1100001111000011
1100110000110011
1100110011001100
1111000000001111
1111000011110000
1111111100000000